12
1 1 1 4 4 8 8 12 12 16 16 20
1 1 4 1 8 4 12 8 16 12 20 16
1 4 1 1 1 4 4 8 8 12 12 16
4 1 1 1 4 1 8 4 12 8 16 12
4 8 1 4 1 1 1 4 4 8 8 12
8 4 4 1 1 1 4 1 8 4 12 8
8 12 4 8 1 4 1 1 1 4 4 8
12 8 8 4 4 1 1 1 4 1 8 4
12 16 8 12 4 8 1 4 1 1 1 4
16 12 12 8 8 4 4 1 1 1 4 1
16 20 12 16 8 12 4 8 1 4 1 1
20 16 16 12 12 8 8 4 4 1 1 1
-2.872370722351782 -0.26312528821135484 0.3851335817240029 2.2600209996117124 2.8995968241684302 4.336840277602374 5.158186012729079 6.130714903929655 7.414213820937189 8.000051990865098 9.475057751019243 10.022186176907706
-0.26312528821130066 -2.923051869825734 2.151847448570644 0.4359725440794602 4.224652634019325 2.975011081601936 6.18171301175636 5.12371595979498 7.963660827473815 7.436097598630965 10.148598465136265 9.491413915904559
0.3851335817239354 2.1518474485706527 0.623768550032807 2.7326513008653883 3.190860813896296 4.397655991138362 4.78382898114851 5.749036093904265 6.262714878615329 7.051362060704156 7.450115509470637 8.167531118861016
2.260020999611749 0.4359725440794735 2.7326513008653768 0.870368730175791 4.3357398505122235 3.2077550924746077 5.8736817900120375 4.783784291695875 6.911367418664877 6.1506285184449645 8.019662391758413 7.3648734006360765
2.8995968241684693 4.224652634019376 3.190860813896311 4.335739850512184 2.4284155142866553 4.113906191895332 4.2549874874159155 5.342198786868893 4.7653842903039685 5.931309252080499 5.257524134130021 6.201930549353797
4.336840277602393 2.9750110816020054 4.397655991138384 3.20775509247458 4.113906191895314 2.369397701001489 5.1692807292980545 4.191623202824957 5.843053319056702 4.7773804429396005 6.277332098959814 5.287270200138156
5.158186012729082 6.181713011756303 4.783828981148513 5.873681790012067 4.2549874874159315 5.1692807292980545 2.448536546572562 4.319659147011383 3.3304643040302064 4.431939261334161 2.8549796231144793 4.139249434508659
6.130714903929703 5.123715959794994 5.749036093904224 4.783784291695836 5.3421987868688925 4.1916232028249905 4.31965914701141 2.369452777958088 4.319739095751278 3.404718512810632 4.276339376555598 2.935524179825782
7.414213820937189 7.963660827473837 6.262714878615402 6.911367418664858 4.765384290303974 5.843053319056712 3.3304643040302175 4.319739095751238 0.851370297315917 2.651517846022683 0.46264265503783264 2.170377575721545
8.000051990865009 7.436097598630967 7.05136206070415 6.150628518444941 5.9313092520805215 4.777380442939581 4.431939261334204 3.4047185128106263 2.6515178460226885 0.6551047605915983 2.0794338811293827 0.3769622033777029
9.47505775101921 10.148598465136295 7.450115509470654 8.019662391758462 5.257524134129994 6.277332098959817 2.854979623114451 4.276339376555597 0.46264265503781843 2.0794338811294075 -3.119844472297089 -0.23533508508326584
10.02218617690771 9.491413915904584 8.16753111886101 7.364873400636096 6.2019305493538335 5.287270200138142 4.139249434508633 2.9355241798257588 2.1703775757215293 0.3769622033776896 -0.2353350850832241 -2.975477341220305
