6
1 1 1 4 4 8
1 1 4 1 8 4
1 4 1 1 1 4
4 1 1 1 4 1
4 8 1 4 1 1
8 4 4 1 1 1
-0.5972175052926634 1.314405827666851 1.7674499894949285 3.2194323675806897 3.5868614611852787 4.767710288480563
1.3144058276668689 -0.6068532942346607 3.242423924455432 1.764359683199191 4.760132771221678 3.5841735168071436
1.7674499894949265 3.242423924455437 1.2763507489076291 2.7953096871890675 1.7525923866113202 3.224515692457282
3.219432367580684 1.764359683199195 2.795309687189066 1.3047094976931568 3.2123968896570894 1.7624343037964592
3.586861461185273 4.760132771221684 1.7525923866113131 3.212396889657086 -0.6133752838729807 1.3600342043132712
4.7677102884805596 3.5841735168071422 3.22451569245728 1.76243430379646 1.3600342043132754 -0.6402255767390681
