64 112
0 1
1 2
2 3
3 4
4 5
5 6
6 7
0 8
1 9
8 9
2 10
9 10
3 11
10 11
4 12
11 12
5 13
12 13
6 14
13 14
7 15
14 15
8 16
9 17
16 17
10 18
17 18
11 19
18 19
12 20
19 20
13 21
20 21
14 22
21 22
15 23
22 23
16 24
17 25
24 25
18 26
25 26
19 27
26 27
20 28
27 28
21 29
28 29
22 30
29 30
23 31
30 31
24 32
25 33
32 33
26 34
33 34
27 35
34 35
28 36
35 36
29 37
36 37
30 38
37 38
31 39
38 39
32 40
33 41
40 41
34 42
41 42
35 43
42 43
36 44
43 44
37 45
44 45
38 46
45 46
39 47
46 47
40 48
41 49
48 49
42 50
49 50
43 51
50 51
44 52
51 52
45 53
52 53
46 54
53 54
47 55
54 55
48 56
49 57
56 57
50 58
57 58
51 59
58 59
52 60
59 60
53 61
60 61
54 62
61 62
55 63
62 63
