8
1 1 1 4 4 8 8 12
1 1 4 1 8 4 12 8
1 4 1 1 1 4 4 8
4 1 1 1 4 1 8 4
4 8 1 4 1 1 1 4
8 4 4 1 1 1 4 1
8 12 4 8 1 4 1 1
12 8 8 4 4 1 1 1
-0.8303750624267259 0.9191164078336621 1.395980682275782 2.925188402112123 3.5131755993475853 4.65874431744122 5.4386755125550925 6.244212121291767
0.9191164078336271 -0.8539696332168123 2.9502168386108742 1.4856317172529003 4.644736949014523 3.4726945971997987 6.235029744866929 5.411261358868686
1.3959806822757794 2.950216838610859 2.0337636762588533 2.995265701200974 2.871390536391028 3.8956580655710993 3.480581729714585 4.641860750407348
2.9251884021121284 1.4856317172528926 2.995265701200971 1.9865284027963188 3.8594999460764257 2.8479425283323545 4.64808647693603 3.5165748057234056
3.513175599347588 4.644736949014511 2.871390536391027 3.8594999460764177 2.0275691920102505 2.9543889124167815 1.4343827357285706 2.9595741094453665
4.658744317441247 3.47269459719978 3.895658065571094 2.8479425283323403 2.954388912416778 2.0702852867156247 2.972960062082402 1.3920442106712683
5.4386755125551005 6.235029744866933 3.480581729714574 4.648086476936043 1.4343827357285615 2.9729600620823993 -0.8709057480420386 0.9259074665889544
6.2442121212917865 5.41126135886869 4.64186075040735 3.516574805723402 2.959574109445359 1.3920442106712492 0.9259074665889605 -0.8267168425662654
