14
1 1 1 4 4 8 8 12 12 16 16 20 20 24
1 1 4 1 8 4 12 8 16 12 20 16 24 20
1 4 1 1 1 4 4 8 8 12 12 16 16 20
4 1 1 1 4 1 8 4 12 8 16 12 20 16
4 8 1 4 1 1 1 4 4 8 8 12 12 16
8 4 4 1 1 1 4 1 8 4 12 8 16 12
8 12 4 8 1 4 1 1 1 4 4 8 8 12
12 8 8 4 4 1 1 1 4 1 8 4 12 8
12 16 8 12 4 8 1 4 1 1 1 4 4 8
16 12 12 8 8 4 4 1 1 1 4 1 8 4
16 20 12 16 8 12 4 8 1 4 1 1 1 4
20 16 16 12 12 8 8 4 4 1 1 1 4 1
20 24 16 20 12 16 8 12 4 8 1 4 1 1
24 20 20 16 16 12 12 8 8 4 4 1 1 1
-3.6327867151293134 -0.9431675296753816 -0.2516247129139884 1.7427280284326852 2.458443654512182 3.9653320475709415 4.8625365322738965 5.898392070575204 7.1580255134748825 7.642415293492738 9.453935854513073 9.994856430633261 11.343819579688187 11.939875072425352
-0.9431675296746906 -3.7336442784197317 1.6680991919624868 -0.33356328650312683 3.809306851249495 2.43416826385997 5.886162861357091 4.761049123336889 8.011591772786876 7.094291391684724 9.873075959319689 9.468080297863622 12.007483388173096 11.629847112877247
-0.2516247129141105 1.6680991919625994 -0.08474157595543375 2.237376452492689 2.923679357140638 4.196655722944333 4.854962790659201 5.923085908356765 6.467038072505176 7.406433815189708 8.03289775222861 8.774056703314558 9.394799744378432 10.09006189757043
1.7427280284325715 -0.33356328650306466 2.237376452492745 0.09073224955163539 4.2719733345366535 2.8328558076215993 5.960082211319238 4.865763319382571 7.1713822204804085 6.632231270161462 8.742508870584196 8.075739980927487 10.016956727606102 9.326013933279853
2.4584436545120845 3.809306851249595 2.9236793571406827 4.27197333453665 2.1729101521683134 4.448828973991353 4.810422856534672 5.601496984837057 5.730478535664506 6.666956881420774 6.370386599240366 7.13520981548478 7.252914698112647 7.979772424980215
3.965332047570902 2.4341682638600517 4.196655722944378 2.832855807621625 4.448828973991388 2.3894815385456667 5.7282500519138075 4.517984674581353 6.536021030078387 5.691582870849182 7.491618725720322 6.4335832788340745 7.872280584707493 7.094137548655226
4.862536532273847 5.886162861357169 4.854962790659206 5.960082211319215 4.81042285653468 5.728250051913832 2.9958813768303827 5.12910527375865 4.6967473912625906 5.657591670085965 4.777867608946703 5.722080002267996 4.746781368390305 5.804309124273154
5.898392070575189 4.761049123336875 5.9230859083568355 4.8657633193825465 5.601496984837007 4.5179846745813474 5.129105273758648 3.266096661437345 5.72553195570147 4.534439319381145 5.793621306454122 4.957936245181223 5.810135271189026 4.8481430057009085
7.158025513474804 8.011591772786955 6.467038072505105 7.17138222048046 5.730478535664449 6.536021030078379 4.696747391262625 5.725531955701516 2.343065666097914 4.23552744760811 3.0075045001651874 4.32448675502285 2.4522682229133146 3.7731120361120247
7.6424152934927285 7.094291391684809 7.4064338151897084 6.6322312701615225 6.666956881420779 5.69158287084915 5.657591670085947 4.534439319381109 4.235527447608128 2.484624602283432 4.25232560494725 2.9553223593855513 3.8892057694405486 2.489832823942926
9.453935854513048 9.873075959319696 8.032897752228557 8.742508870584178 6.370386599240369 7.4916187257202695 4.777867608946703 5.7936213064540905 3.0075045001652088 4.25232560494728 -0.02079658262591977 2.3286134430845147 -0.09111245184030192 1.6203339291357963
9.9948564306332 9.468080297863633 8.774056703314576 8.07573998092753 7.135209815484756 6.433583278834018 5.722080002267947 4.957936245181173 4.32448675502281 2.955322359385555 2.3286134430845635 0.07507221965930455 1.6156425940028019 -0.22789900578824174
11.343819579688123 12.00748338817324 9.394799744378371 10.016956727606143 7.2529146981127575 7.872280584707485 4.746781368390277 5.810135271189014 2.4522682229133146 3.889205769440533 -0.09111245184032724 1.6156425940027694 -3.842002927677669 -0.8363914492104065
11.939875072425364 11.629847112877272 10.090061897570425 9.326013933279864 7.979772424980192 7.094137548655226 5.804309124273179 4.848143005700933 3.77311203611202 2.489832823942951 1.6203339291358267 -0.22789900578822042 -0.8363914492104509 -3.8983673340808878
