9
1 1 1 4 4 8 8 12 12
1 1 4 1 8 4 12 8 16
1 4 1 1 1 4 4 8 8
4 1 1 1 4 1 8 4 12
4 8 1 4 1 1 1 4 4
8 4 4 1 1 1 4 1 8
8 12 4 8 1 4 1 1 1
12 8 8 4 4 1 1 1 4
12 16 8 12 4 8 1 4 1
-1.3362338817053325 0.6941690969328368 1.5619801549723156 3.018728933701632 3.8044663020754865 4.830002624493577 5.5608158774773635 6.431072320798492 6.999871952136131
0.694169096932852 -1.6619639208006225 3.0808597649506178 1.2926314778891888 4.787435329169963 3.6359220703178687 6.357924032125031 5.6190836419583 7.7588118883393395
1.5619801549722916 3.0808597649506195 1.461790597232756 3.055147104230724 3.3476323372762127 4.50196393355338 4.534743949182065 5.243382733388396 4.777372806096054
3.0187289337016368 1.292631477889202 3.0551471042307172 1.0880782779737075 4.590432443015597 3.0243960058480295 5.322627082918667 4.171461776353346 6.001370278951599
3.8044663020755 4.78743532916993 3.347632337276205 4.590432443015602 2.152232985693763 3.5090034756099637 2.936193359347291 3.8473283974764017 2.590148751217862
4.830002624493578 3.6359220703178874 4.501963933553395 3.0243960058480313 3.509003475609958 1.4774716523822622 4.070638699579659 2.302183887839295 4.213291031258442
5.5608158774773635 6.357924032125011 4.5347439491820625 5.322627082918672 2.9361933593472886 4.07063869957967 0.7154766570239939 1.9479034340191699 0.1185502892092645
6.43107232079849 5.619083641958317 5.2433827333883976 4.171461776353351 3.8473283974763905 2.302183887839309 1.9479034340191688 -0.30874463989504514 2.3112018289441285
6.9998719521361155 7.758811888339331 4.777372806096055 6.0013702789516135 2.59014875121786 4.213291031258454 0.11855028920927006 2.311201828944135 -3.2057454452703267
