15
1 1 1 4 4 8 8 12 12 16 16 20 20 24 24
1 1 4 1 8 4 12 8 16 12 20 16 24 20 28
1 4 1 1 1 4 4 8 8 12 12 16 16 20 20
4 1 1 1 4 1 8 4 12 8 16 12 20 16 24
4 8 1 4 1 1 1 4 4 8 8 12 12 16 16
8 4 4 1 1 1 4 1 8 4 12 8 16 12 20
8 12 4 8 1 4 1 1 1 4 4 8 8 12 12
12 8 8 4 4 1 1 1 4 1 8 4 12 8 16
12 16 8 12 4 8 1 4 1 1 1 4 4 8 8
16 12 12 8 8 4 4 1 1 1 4 1 8 4 12
16 20 12 16 8 12 4 8 1 4 1 1 1 4 4
20 16 16 12 12 8 8 4 4 1 1 1 4 1 8
20 24 16 20 12 16 8 12 4 8 1 4 1 1 1
24 20 20 16 16 12 12 8 8 4 4 1 1 1 4
24 28 20 24 16 20 12 16 8 12 4 8 1 4 1
-2.8664229700363992 -1.0474224110498 -0.4423833835620374 1.3882989314359226 2.0705020071675944 3.479604495716036 4.693118990597427 5.530605913079732 6.795500125548983 7.836936847939801 9.084933695231332 9.919481974873795 11.325334672720036 11.957960093986406 13.177394704275335
-1.0474224110497368 -3.2725627709443823 1.2644136049043428 -0.5608457458896015 3.544928511800489 1.9699524369608024 5.61445558904952 4.496702624867223 7.562586125491107 6.838509944613548 9.753208487713975 9.319590438134043 11.97538860220058 11.710038005758436 13.734500244313638
-0.4423833835620112 1.2644136049043218 1.037627731756231 2.38180413995591 2.9120490437713697 4.025432191150402 4.563636241087317 5.730014832301147 6.447887707139728 7.3306329904643315 7.9869548859717 8.964004801545673 9.60228475822204 10.330362031132006 10.768722112083848
1.3882989314359035 -0.5608457458896566 2.3818041399558987 0.8291305457539678 4.068439793752385 2.792206942500957 5.607140820979171 4.669727830794408 7.226285889753506 6.279418923724586 8.806400479386527 8.012253241822801 10.33227279878619 9.74732957256766 11.323579522599532
2.0705020071674585 3.544928511800577 2.9120490437713547 4.068439793752393 3.8052498114616995 4.401893245824316 4.993648627025123 5.77750598794045 5.714534816602227 6.676037486404985 6.8794464226477485 7.686030549065286 7.498202839434848 8.634149631752699 8.240824913272633
3.479604495715987 1.9699524369607835 4.025432191150419 2.7922069425010103 4.401893245824264 3.7359104370856207 5.679125479229414 4.787754274428254 6.615692783408934 5.921407147245811 7.552729624045287 6.877805425504859 8.488614352365996 7.629229108212978 8.946085744244336
4.693118990597369 5.614455589049614 4.563636241087292 5.607140820979247 4.993648627025066 5.679125479229449 4.975588058514781 5.497229655367476 5.326308959008084 6.16610406103455 5.484480059300533 6.221269411031945 5.63956371279383 6.686664570495668 5.755109452409046
5.53060591307976 4.496702624867197 5.730014832301152 4.669727830794401 5.7775059879404465 4.787754274428207 5.497229655367506 4.926201566257515 5.959828121515236 5.144521241998611 6.134464289142905 5.332821813857791 6.528166902721355 5.46387287786256 6.924025755789137
6.795500125549073 7.562586125491095 6.447887707139689 7.226285889753429 5.714534816602179 6.615692783408942 5.326308959008084 5.959828121515367 5.027087593034967 4.964328173557482 4.480320149529038 4.881592601321447 3.8980327503611956 4.760268149999871 3.243189741652226
7.836936847939787 6.838509944613595 7.330632990464315 6.279418923724612 6.676037486405034 5.921407147245831 6.166104061034518 5.144521241998605 4.9643281735573614 4.314585307953013 5.055420967311428 3.6750456461342798 4.749720909707079 3.245771969820059 4.705002070014442
9.084933695231252 9.753208487713968 7.986954885971668 8.806400479386548 6.87944642264781 7.552729624045268 5.484480059300516 6.134464289142943 4.480320149529029 5.055420967311433 2.9604678396817166 3.6208823383355555 1.9400379755795152 2.7348462776326707 0.42885019641397926
9.919481974873825 9.319590438134021 8.964004801545697 8.012253241822796 7.686030549065208 6.877805425504897 6.221269411031893 5.332821813857719 4.881592601321374 3.6750456461342416 3.6208823383356643 2.424022411652544 2.5452470020989004 0.9065839524092074 2.5168120801357667
11.32533467271998 11.975388602200645 9.60228475822206 10.332272798786116 7.49820283943495 8.488614352365945 5.6395637127938265 6.528166902721313 3.8980327503611876 4.74972090970704 1.940037975579507 2.5452470020988365 0.1627576911064653 0.4380623537583038 -2.2202436339325042
11.957960093986298 11.710038005758408 10.330362031131992 9.747329572567699 8.63414963175274 7.629229108213027 6.686664570495683 5.463872877862601 4.7602681499998525 3.2457719698201233 2.7348462776326175 0.906583952409276 0.4380623537582638 -1.8430478092660174 0.501352901801251
13.177394704275288 13.734500244313566 10.768722112083834 11.323579522599493 8.240824913272714 8.946085744244332 5.755109452409018 6.924025755789157 3.2431897416522752 4.705002070014424 0.42885019641405303 2.5168120801357756 -2.220243633932453 0.5013529018012167 -5.141762117148704
