11
1 1 1 4 4 8 8 12 12 16 16
1 1 4 1 8 4 12 8 16 12 20
1 4 1 1 1 4 4 8 8 12 12
4 1 1 1 4 1 8 4 12 8 16
4 8 1 4 1 1 1 4 4 8 8
8 4 4 1 1 1 4 1 8 4 12
8 12 4 8 1 4 1 1 1 4 4
12 8 8 4 4 1 1 1 4 1 8
12 16 8 12 4 8 1 4 1 1 1
16 12 12 8 8 4 4 1 1 1 4
16 20 12 16 8 12 4 8 1 4 1
-1.6420419461079985 0.1106441774767945 0.8766548133046189 2.4999080843975303 3.169582742271357 4.459464588768163 5.375463937004847 6.282718456618334 7.463009087878252 8.176829232809236 8.987787514087607
0.1106441774767878 -1.967612151798245 2.3028974149700785 0.646218812576952 4.523393957309123 3.00259858150706 6.399085918760888 5.24210107735991 8.01349673043863 7.668470276754746 9.818725893152727
0.8766548133045949 2.302897414970099 2.1812643071466895 2.9046587370404864 3.4484443733399344 4.402986271367765 4.746177878619822 5.724606199254974 5.87785463074166 6.642463378788396 6.652012683934319
2.49990808439758 0.646218812576959 2.904658737040447 1.7325381212172608 4.267976309803311 3.170744014531709 5.618139904947742 4.499483535305947 6.748985544305489 5.860316020225509 7.811051604156796
3.16958274227133 4.523393957309136 3.448444373339928 4.267976309803311 3.7053186669315283 4.254208159106967 3.980340404213325 4.767638621744508 4.276786364905884 5.122990837469421 4.243340251413374
4.459464588768156 3.002598581507081 4.402986271367767 3.1707440145317394 4.254208159106963 3.2642011115530787 4.77076107515893 3.5468899624275445 5.109215140150464 3.9688430153076024 5.810108768629363
5.375463937004844 6.399085918760869 4.746177878619793 5.618139904947737 3.9803404042133246 4.770761075158872 3.2110818631816325 3.7916053222068244 2.7043661827896974 3.4033899688196105 1.759608232805486
6.282718456618296 5.2421010773599015 5.724606199254934 4.499483535305936 4.767638621744536 3.546889962427534 3.7916053222068222 2.7375415267415524 3.5592642425496464 2.007495122901707 3.6006766213977794
7.4630090878782305 8.013496730438604 5.877854630741643 6.748985544305498 4.276786364905881 5.10921514015049 2.7043661827896734 3.5592642425496464 1.4467984987454123 1.4648181410588519 -0.9045738750552325
8.176829232809204 7.668470276754733 6.642463378788405 5.860316020225515 5.122990837469414 3.968843015307636 3.403389968819616 2.0074951229016906 1.464818141058854 -0.21105985082491652 1.6554645451985872
8.98778751408759 9.818725893152747 6.652012683934352 7.811051604156753 4.243340251413331 5.810108768629362 1.7596082328054465 3.6006766213978008 -0.9045738750552241 1.6554645451985885 -3.674181551212028
