8
1 1 1 4 4 8 8 12
1 1 4 1 8 4 12 8
1 4 1 1 1 4 4 8
4 1 1 1 4 1 8 4
4 8 1 4 1 1 1 4
8 4 4 1 1 1 4 1
8 12 4 8 1 4 1 1
12 8 8 4 4 1 1 1
-1.2452091154887892 0.918448243847001 1.4813134496089684 3.008555190373042 3.6038072120901496 4.754684997579374 5.449332043128057 6.264993942562742
0.9184482438469939 -1.2652078687108084 3.057574522466443 1.5398019320260166 4.693450423233063 3.574264579157675 6.285267995457125 5.432326136224004
1.4813134496089644 3.0575745224664352 1.3877030344494106 3.0116848368712144 2.953730670125898 4.065350161825273 3.5638103100401324 4.714758978313174
3.0085551903730474 1.539801932026009 3.0116848368712077 1.4453696244350098 4.00207288486186 2.8929798973442145 4.72437733953161 3.611084258257545
3.6038072120901674 4.693450423233076 2.953730670125908 4.002072884861865 1.4186300005909755 2.9925628176573253 1.5184949436897486 3.053177011451466
4.754684997579365 3.574264579157671 4.065350161825265 2.8929798973442233 2.9925628176573307 1.4283743507805093 3.058792290810529 1.468916868545626
5.449332043128047 6.285267995457144 3.5638103100401395 4.72437733953161 1.5184949436897504 3.0587922908105263 -1.2725099836575726 0.9083610247008851
6.264993942562761 5.432326136223995 4.714758978313178 3.6110842582575486 3.0531770114514742 1.4689168685456118 0.9083610247008709 -1.2176922563549155
