12
1 1 1 4 4 8 8 12 12 16 16 20
1 1 4 1 8 4 12 8 16 12 20 16
1 4 1 1 1 4 4 8 8 12 12 16
4 1 1 1 4 1 8 4 12 8 16 12
4 8 1 4 1 1 1 4 4 8 8 12
8 4 4 1 1 1 4 1 8 4 12 8
8 12 4 8 1 4 1 1 1 4 4 8
12 8 8 4 4 1 1 1 4 1 8 4
12 16 8 12 4 8 1 4 1 1 1 4
16 12 12 8 8 4 4 1 1 1 4 1
16 20 12 16 8 12 4 8 1 4 1 1
20 16 16 12 12 8 8 4 4 1 1 1
-2.148704982342748 -0.19307020912713724 0.37670916191600046 2.1259863457895465 2.7354977802801104 4.269193220968603 5.090962257843055 6.0611012240660465 7.352078673074514 7.941201119285546 9.418008325734414 9.974775147905556
-0.19307020912704997 -2.11002436489852 2.06875967708903 0.3838372023264862 4.112369994002611 2.8033923017256717 6.130749111440322 5.032903942052522 7.912933987535679 7.384168748224498 10.062932345360402 9.414785329661665
0.3767091619159304 2.068759677089025 1.6117629326328011 2.7968235613185812 3.123480732946466 4.197017518184326 4.595275975656961 5.619902558506558 6.115162350238969 6.966240368863403 7.396041511936573 8.136561716103632
2.1259863457895056 0.3838372023265124 2.7968235613185177 1.9032538399847745 4.135526123525052 3.1579330910678385 5.769256310783491 4.6025410548128 6.848008999276923 5.990192054575662 7.9567141691684995 7.333665312763744
2.7354977802801335 4.112369994002636 3.1234807329464602 4.1355261235250005 3.6159169167851406 4.197844351683324 4.159964974727384 5.187214817906897 4.614794260784558 5.830665966851377 5.1868436682448165 6.1036184776556865
4.269193220968645 2.8033923017257134 4.197017518184312 3.1579330910678873 4.1978443516832895 3.458281816478943 5.01844994662916 4.123049601362502 5.683557255471292 4.655643722691768 6.2062980117198325 5.233077227410153
5.090962257843011 6.130749111440414 4.595275975656988 5.769256310783499 4.159964974727362 5.018449946629135 3.563083334243174 4.379103461592388 3.292080315250322 4.31154683312885 2.6484351438907408 4.044830400207504
6.061101224066089 5.032903942052528 5.61990255850661 4.60254105481285 5.18721481790686 4.123049601362508 4.3791034615924325 3.5446378889393375 4.179634210556976 3.349362449818575 4.1591598095349 2.7651270462437405
7.352078673074514 7.91293398753573 6.1151623502389585 6.84800899927692 4.614794260784635 5.683557255471317 3.2920803152502858 4.17963421055692 1.8642949358446674 2.6830086660535266 0.4132642171520855 2.044920194153883
7.941201119285454 7.384168748224489 6.966240368863471 5.990192054575687 5.830665966851347 4.655643722691759 4.311546833128894 3.34936244981861 2.6830086660535293 1.607073088119766 1.9502941695682068 0.33434087821220615
9.418008325734416 10.062932345360368 7.396041511936605 7.956714169168507 5.186843668244785 6.206298011719797 2.648435143890734 4.159159809534922 0.4132642171521064 1.9502941695682443 -2.2111060912748366 -0.18314721564212721
9.974775147905532 9.414785329661694 8.136561716103666 7.333665312763724 6.1036184776556865 5.233077227410139 4.044830400207476 2.7651270462438085 2.044920194153876 0.33434087821221725 -0.1831472156421592 -2.198816449282154
