5
1 1 1 4 4
1 1 4 1 8
1 4 1 1 1
4 1 1 1 4
4 8 1 4 1
0.4707272635954156 1.5471340135199307 2.396639750937317 3.2541680476366337 3.2410508449163924
1.547134013519928 -0.5665875409317793 3.4423567619550073 1.6326486384258911 4.854168047636639
2.3966397509373154 3.4423567619550073 1.4041175228848672 2.3730110406748257 1.293594844153672
3.2541680476366346 1.6326486384258894 2.3730110406748244 0.4223342641390756 3.2275579297292607
3.2410508449163933 4.854168047636639 1.2935948441536687 3.22755792972926 -1.7066517458302761
