15
1 1 1 4 4 8 8 12 12 16 16 20 20 24 24
1 1 4 1 8 4 12 8 16 12 20 16 24 20 28
1 4 1 1 1 4 4 8 8 12 12 16 16 20 20
4 1 1 1 4 1 8 4 12 8 16 12 20 16 24
4 8 1 4 1 1 1 4 4 8 8 12 12 16 16
8 4 4 1 1 1 4 1 8 4 12 8 16 12 20
8 12 4 8 1 4 1 1 1 4 4 8 8 12 12
12 8 8 4 4 1 1 1 4 1 8 4 12 8 16
12 16 8 12 4 8 1 4 1 1 1 4 4 8 8
16 12 12 8 8 4 4 1 1 1 4 1 8 4 12
16 20 12 16 8 12 4 8 1 4 1 1 1 4 4
20 16 16 12 12 8 8 4 4 1 1 1 4 1 8
20 24 16 20 12 16 8 12 4 8 1 4 1 1 1
24 20 20 16 16 12 12 8 8 4 4 1 1 1 4
24 28 20 24 16 20 12 16 8 12 4 8 1 4 1
-3.8711480260939206 -1.2491144339870182 -0.3935845946889708 1.4898090262226058 2.493938966853286 3.738661271634094 4.9291141606040645 5.686495787075656 6.874473723013721 7.770413875618262 9.157348464538936 9.860470995376936 11.311699013247615 12.002061937649092 13.160613003921153
-1.2491144339867075 -4.4706634893798585 1.390575679795627 -0.6286234069694172 3.7594261901123227 2.4002845690337455 5.744329511130318 4.6824037444177815 7.731091037237503 6.962991308735241 9.94056255340393 9.272447608662075 11.886890696451752 11.759650819748424 13.779000782592602
-0.3935845946890824 1.3905756797956395 -0.011105988026370252 2.089619349347393 2.834495216779244 4.212990623690288 5.020875577543179 5.952776675064628 6.673253417628182 7.4254550113635185 8.07683861663113 9.020642575450086 9.596702075983957 10.313632781574468 10.758086152849094
1.4898090262225594 -0.6286234069693218 2.089619349347348 -0.23236518355609426 4.251044269935169 2.6775356696133947 5.922079982388357 5.014704756942676 7.3558652725274065 6.558953067573825 8.86696963349728 8.098700477678227 10.44311936276813 9.789082753731853 11.264758139284538
2.4939389668532184 3.759426190112328 2.83449521677929 4.251044269935122 2.213218573809203 4.199382305671505 4.795804461110891 5.893714838652782 6.117990901767273 6.922753486919549 7.095988298125291 7.838949360541184 7.611742730218595 8.628259651554188 8.304543918934888
3.738661271634143 2.400284569033803 4.212990623690313 2.6775356696133907 4.1993823056715085 2.099338221006366 5.884921911095387 4.661651570747369 6.942348743664183 6.208308474889859 7.7961321366888585 6.974918968577616 8.641738704030582 7.60826940616224 8.914770594480025
4.929114160604092 5.7443295111303305 5.020875577543135 5.922079982388427 4.795804461110908 5.884921911095349 3.4020202457637425 5.198096975857444 5.064149593086993 6.275227487785906 5.829049587797399 6.410979771818082 5.868270935640788 6.783302322895579 5.833030646467315
5.68649578707569 4.682403744417886 5.952776675064628 5.014704756942726 5.893714838652768 4.66165157074732 5.198096975857421 3.1672601437436976 6.19152371290555 4.992069033663478 6.522824256849958 5.686382583802855 6.774069006002663 5.595001352357163 6.942278732901726
6.874473723013726 7.731091037237575 6.673253417628146 7.3558652725275335 6.1179909017672545 6.942348743664256 5.064149593086958 6.191523712905546 3.1802975383486323 4.703923405097362 4.198317118663418 5.16615638372519 4.382380816526265 4.819527582929347 3.5599539238641253
7.770413875618197 6.962991308735247 7.425455011363541 6.558953067573824 6.922753486919628 6.208308474889837 6.275227487785954 4.9920690336634586 4.703923405097415 2.768094685587862 5.210949064770381 3.6696013196615995 5.085035787695907 3.574443486399858 4.8330336752227305
9.157348464538993 9.940562553403991 8.076838616631111 8.866969633497241 7.095988298125327 7.796132136688844 5.829049587797407 6.522824256849962 4.198317118663372 5.210949064770358 1.4295950926548697 3.4005586601335906 1.715927135102537 2.8426859799049344 0.8775065722229135
9.860470995376872 9.272447608662096 9.020642575449976 8.098700477678227 7.838949360541163 6.9749189685776445 6.410979771818096 5.68638258380277 5.166156383725282 3.669601319661612 3.4005586601335858 1.0301958772348698 2.921909616868357 0.9400833821795331 2.6692555892752963
11.311699013247576 11.88689069645176 9.596702075984021 10.443119362768122 7.611742730218581 8.641738704030594 5.868270935640774 6.774069006002614 4.3823808165262745 5.085035787695876 1.7159271351025385 2.921909616868366 -1.3915419069033987 0.31667270973813677 -2.2033635123865207
12.00206193764908 11.759650819748392 10.313632781574483 9.78908275373186 8.62825965155421 7.608269406162323 6.783302322895542 5.595001352357154 4.819527582929362 3.5744434863998586 2.842685979904994 0.9400833821794864 0.3166727097381171 -2.478581488470185 0.467160492630921
13.160613003921167 13.779000782592618 10.758086152849094 11.264758139284497 8.304543918934932 8.91477059447997 5.833030646467344 6.942278732901725 3.5599539238640876 4.833033675222786 0.8775065722229389 2.6692555892753025 -2.203363512386509 0.4671604926308988 -6.199375541275571
