11
1 1 1 4 4 8 8 12 12 16 16
1 1 4 1 8 4 12 8 16 12 20
1 4 1 1 1 4 4 8 8 12 12
4 1 1 1 4 1 8 4 12 8 16
4 8 1 4 1 1 1 4 4 8 8
8 4 4 1 1 1 4 1 8 4 12
8 12 4 8 1 4 1 1 1 4 4
12 8 8 4 4 1 1 1 4 1 8
12 16 8 12 4 8 1 4 1 1 1
16 12 12 8 8 4 4 1 1 1 4
16 20 12 16 8 12 4 8 1 4 1
-2.316348148189012 0.09150479422518532 0.9705782335350147 2.5769772347027877 3.331305248504601 4.512762582606553 5.4683672237128995 6.318793361977884 7.535301742084308 8.215663944644788 9.029304433912046
0.0915047942252764 -2.618880507070171 2.4496029525536414 0.6516172869122117 4.619068004611379 3.169748767596486 6.469241458803714 5.294876404704504 8.08250203820058 7.651334759259533 9.873594691919969
0.9705782335350183 2.4496029525536778 1.2806413752771542 2.893676693783951 3.5297559850264832 4.537443076887406 4.9571381670568275 5.800850948263062 5.950902962664622 6.69163814635808 6.671982110310834
2.5769772347027966 0.65161728691222 2.8936766937839433 0.8506367689949836 4.476921674316127 3.270510946374283 5.723233116634279 4.656945592094806 6.826605682083389 5.966795041921219 7.840290613898992
3.3313052485045755 4.619068004611411 3.5297559850264855 4.476921674316121 2.424578471615906 4.178659839109268 4.085260220853737 4.97769509461884 4.477233614903243 5.240625196174644 4.393107301982858
4.512762582606561 3.1697487675965004 4.5374430768873815 3.2705109463743023 4.178659839109279 2.2391806952941633 4.90679664636825 3.657261114617656 5.298115353840265 4.111208502883899 5.8525231261388315
5.468367223712903 6.4692414588037215 4.9571381670568275 5.723233116634292 4.085260220853749 4.906796646368293 2.1639853690464403 3.772836310949695 2.7166002200342123 3.5626818408735543 1.9080700773834856
6.3187933619778995 5.29487640470449 5.80085094826302 4.656945592094822 4.977695094618824 3.6572611146176457 3.772836310949716 1.6470737497596495 3.785726567855433 2.1455819717504294 3.6765695351251915
7.5353017420843145 8.082502038200587 5.950902962664651 6.826605682083415 4.477233614903211 5.298115353840283 2.716600220034211 3.785726567855424 0.326690406317887 1.4936536546202375 -0.7591215908871182
8.215663944644788 7.651334759259537 6.691638146358069 5.966795041921236 5.240625196174628 4.111208502883911 3.5626818408735668 2.1455819717504396 1.4936536546202268 -0.9750329770671896 1.6300605702979332
9.029304433912056 9.873594691919989 6.671982110310848 7.840290613898994 4.393107301982852 5.8525231261388475 1.9080700773834527 3.676569535125162 -0.7591215908871181 1.6300605702979283 -4.3821702183658635
