9
1 1 1 4 4 8 8 12 12
1 1 4 1 8 4 12 8 16
1 4 1 1 1 4 4 8 8
4 1 1 1 4 1 8 4 12
4 8 1 4 1 1 1 4 4
8 4 4 1 1 1 4 1 8
8 12 4 8 1 4 1 1 1
12 8 8 4 4 1 1 1 4
12 16 8 12 4 8 1 4 1
-0.940181525086206 0.7595049841553548 1.4478940297513907 2.8564866974389598 3.551147551037528 4.739148635708297 5.53749659579385 6.484713310408238 7.048559379489684
0.7595049841553126 -1.2547683378138657 2.7991791399546315 1.253712184577402 4.618899995008352 3.4453303021844506 6.352675747666787 5.659851720784165 7.850383922179894
1.4478940297514178 2.7991791399546297 2.404776953761008 3.1529847275423126 3.349192087345693 4.235236056544985 4.187670552160627 5.201301321277577 4.70653479035887
2.8564866974389873 1.2537121845773875 3.152984727542285 1.8767306045057726 4.190452276264836 3.00568820881532 5.09772894449264 4.040032449885947 6.010953565173917
3.551147551037532 4.618899995008342 3.3491920873456893 4.190452276264854 3.205195838148972 3.651566859985314 2.97249239940281 3.640966013916599 2.304856637586993
4.7391486357083075 3.4453303021844235 4.235236056545001 3.0056882088153305 3.6515668599853393 2.43052075923974 3.6042744576716306 2.211637648763495 4.16136672978383
5.53749659579384 6.352675747666784 4.187670552160617 5.097728944492625 2.9724923994028183 3.604274457671645 1.9480976880522038 1.8598161725483777 -0.0754828990918123
6.484713310408254 5.659851720784158 5.201301321277569 4.040032449885965 3.6409660139165925 2.2116376487634906 1.8598161725483677 0.09274471910364074 2.293706302009061
7.048559379489686 7.8503839221798914 4.706534790358858 6.01095356517392 2.304856637586979 4.161366729783835 -0.0754828990918039 2.29370630200905 -2.816108768793325
