16
1 1 1 4 4 8 8 12 12 16 16 20 20 24 24 28
1 1 4 1 8 4 12 8 16 12 20 16 24 20 28 24
1 4 1 1 1 4 4 8 8 12 12 16 16 20 20 24
4 1 1 1 4 1 8 4 12 8 16 12 20 16 24 20
4 8 1 4 1 1 1 4 4 8 8 12 12 16 16 20
8 4 4 1 1 1 4 1 8 4 12 8 16 12 20 16
8 12 4 8 1 4 1 1 1 4 4 8 8 12 12 16
12 8 8 4 4 1 1 1 4 1 8 4 12 8 16 12
12 16 8 12 4 8 1 4 1 1 1 4 4 8 8 12
16 12 12 8 8 4 4 1 1 1 4 1 8 4 12 8
16 20 12 16 8 12 4 8 1 4 1 1 1 4 4 8
20 16 16 12 12 8 8 4 4 1 1 1 4 1 8 4
20 24 16 20 12 16 8 12 4 8 1 4 1 1 1 4
24 20 20 16 16 12 12 8 8 4 4 1 1 1 4 1
24 28 20 24 16 20 12 16 8 12 4 8 1 4 1 1
28 24 24 20 20 16 16 12 12 8 8 4 4 1 1 1
-3.573381773883928 -1.623325391066853 -0.8418875521092943 0.9773782169882477 1.748004858232164 3.0895900690741604 4.217788038419606 5.371053011558923 6.500311127461641 7.535310721638165 9.080013794860168 9.708382775834512 11.460788406251211 11.806488671397151 13.418847572990451 14.241513968902014
-1.6233253910670031 -3.5209062221083616 0.9144148099632492 -0.9451175294213701 3.36018234023941 1.7429773527459667 5.248944795533781 4.249542116568447 7.432843369122482 6.501201578777447 9.474269304856158 9.0181106449226 11.932334072538875 11.474382365028081 14.032631528684863 13.824391380163709
-0.8418875521092293 0.9144148099632803 0.6361227442629622 2.0543621833481542 2.546350506458951 3.69948949215827 4.647025303290991 5.584009320401902 6.429748376593384 7.146731814526028 8.06376991633135 8.981651524689209 9.900122226283454 10.31486577652854 11.19331673079703 11.846783343023892
0.9773782169881908 -0.9451175294213687 2.054362183348299 0.5962117920166143 3.852681684239169 2.526118556280575 5.602186571207808 4.464499618446307 7.308061228192262 6.274249929942169 8.861609234387924 8.117720986446496 10.278415115659467 9.767836304729613 12.022592503973364 11.358070120111377
1.7480048582320833 3.3601823402394357 2.5463505064589653 3.852681684239185 3.802036404446836 4.344840087359321 4.935567211851755 5.570868306636403 5.873075662962146 6.8501285210601806 6.890202850691312 7.936116197142094 8.181591771664 8.736316685379776 8.967685986625 9.521227441559944
3.089590069074088 1.7429773527459078 3.699489492158243 2.526118556280547 4.344840087359318 3.567660288058993 5.826917172560208 5.103200973575835 6.729280378857281 6.146031515332243 7.872470274494171 6.999076257274142 8.710742724475434 8.153386131026643 9.627587208191756 8.977508035083492
4.217788038419615 5.248944795533767 4.647025303290949 5.602186571207866 4.935567211851659 5.826917172560206 5.408827131951572 5.532877169994523 5.749519005097121 6.044652623326678 5.858244375296721 6.689439654375036 6.333470752364415 7.1964831636715205 6.3722191761167215 7.452714371489916
5.371053011558826 4.249542116568502 5.584009320401885 4.464499618446353 5.570868306636559 5.103200973575779 5.532877169994523 5.119886509836441 6.2627286677731595 5.594153767731415 6.532780953796337 5.780281402365855 7.370601251479734 6.372916535854309 7.6135015095900105 6.593975400938687
6.500311127461565 7.432843369122464 6.429748376593416 7.308061228192184 5.873075662962139 6.729280378857347 5.749519005097149 6.262728667773125 5.1445885860056535 5.764491485043014 4.630604047600171 5.5884930201382454 4.434067518028519 5.531193513776198 4.250777806210201 5.487092723686979
7.5353107216381705 6.501201578777465 7.146731814526062 6.274249929942203 6.85012852106012 6.146031515332175 6.044652623326643 5.594153767731363 5.764491485043008 5.397771389927024 5.745897636407171 4.7114205548516015 5.357324482447798 4.422572805178659 5.446775466813845 4.178162223545039
9.080013794860102 9.474269304856165 8.06376991633135 8.861609234387902 6.890202850691184 7.872470274494313 5.8582443752967235 6.5327809537962995 4.630604047600173 5.745897636407138 3.6453626487608735 4.800382363271188 2.6789011590233063 3.877924433904947 1.7726599771571023 3.3317835457096363
9.708382775834593 9.018110644922563 8.98165152468921 8.117720986446496 7.936116197142173 6.999076257274086 6.689439654375084 5.780281402365911 5.588493020138346 4.711420554851559 4.800382363271254 3.469280793482961 3.8494859822602745 2.7302920527679655 3.12456934010428 1.6121729666218867
11.460788406251243 11.93233407253875 9.900122226283514 10.278415115659463 8.181591771663967 8.710742724475331 6.333470752364509 7.3706012514797 4.434067518028464 5.357324482447789 2.6789011590232206 3.8494859822603478 0.7099686760684649 1.9352551544718324 -0.8841085492881584 0.8679157728199915
11.806488671397137 11.47438236502803 10.31486577652861 9.76783630472965 8.73631668537972 8.153386131026608 7.1964831636715285 6.372916535854382 5.53119351377629 4.422572805178545 3.877924433905003 2.730292052768013 1.935255154471732 0.8106922489426174 1.0085368058095345 -1.0222661319190043
13.41884757299053 14.032631528684762 11.193316730797068 12.02259250397346 8.967685986624964 9.627587208191672 6.372219176116685 7.613501509590069 4.2507778062102055 5.446775466813982 1.7726599771571392 3.124569340104229 -0.8841085492882339 1.0085368058094832 -3.552053116838882 -1.2986634303887126
14.241513968902098 13.824391380163705 11.84678334302393 11.358070120111472 9.52122744156002 8.97750803508342 7.452714371489926 6.5939754009387 5.487092723686949 4.1781622235449785 3.331783545709638 1.6121729666218976 0.8679157728199205 -1.0222661319190962 -1.29866343038871 -3.8555052148004534
