7
1 1 1 4 4 8 8
1 1 4 1 8 4 12
1 4 1 1 1 4 4
4 1 1 1 4 1 8
4 8 1 4 1 1 1
8 4 4 1 1 1 4
8 12 4 8 1 4 1
-0.5270615279059644 1.2924243665917166 1.9828912715529339 3.276041743094096 3.7799428138690403 4.870577196659686 5.132572812035393
1.2924243665917095 -1.0351435531825888 3.2174816841369536 1.587284675276707 4.829835382726708 3.7213090573963776 6.194197062951012
1.9828912715529192 3.2174816841369593 2.0160119456409475 3.086186934878352 2.955066652188836 3.6425392041266274 2.907210983372259
3.2760417430940945 1.5872846752767216 3.086186934878352 1.2704859954907597 3.6996955292167937 2.2749207770542226 4.612773020885951
3.7799428138690363 4.829835382726714 2.9550666521888482 3.6996955292168066 1.7428695816823874 2.246171201140532 0.5538075150725723
4.870577196659707 3.7213090573963803 3.6425392041266327 2.2749207770542204 2.246171201140535 0.20583209399274516 2.8460391455266802
5.132572812035393 6.194197062951019 2.9072109833722535 4.612773020885945 0.5538075150725871 2.8460391455266842 -2.4392118639469755
