6
1 1 1 4 4 8
1 1 4 1 8 4
1 4 1 1 1 4
4 1 1 1 4 1
4 8 1 4 1 1
8 4 4 1 1 1
-0.2972222222222083 1.3277777777777648 1.702777777777773 3.161111111111106 3.5361111111111057 4.702777777777775
1.3277777777777722 -0.2972222222222234 3.1611111111111043 1.7027777777777744 4.702777777777774 3.5361111111111065
1.7027777777777733 3.1611111111111123 1.6611111111111088 2.744444444444439 1.7027777777777742 3.1611111111111114
3.161111111111102 1.7027777777777753 2.744444444444444 1.6611111111111054 3.1611111111111114 1.7027777777777717
3.5361111111110985 4.7027777777777775 1.7027777777777748 3.161111111111107 -0.29722222222222816 1.3277777777777766
4.702777777777765 3.536111111111109 3.161111111111104 1.7027777777777775 1.3277777777777744 -0.29722222222222194
