16
1 1 1 4 4 8 8 12 12 16 16 20 20 24 24 28
1 1 4 1 8 4 12 8 16 12 20 16 24 20 28 24
1 4 1 1 1 4 4 8 8 12 12 16 16 20 20 24
4 1 1 1 4 1 8 4 12 8 16 12 20 16 24 20
4 8 1 4 1 1 1 4 4 8 8 12 12 16 16 20
8 4 4 1 1 1 4 1 8 4 12 8 16 12 20 16
8 12 4 8 1 4 1 1 1 4 4 8 8 12 12 16
12 8 8 4 4 1 1 1 4 1 8 4 12 8 16 12
12 16 8 12 4 8 1 4 1 1 1 4 4 8 8 12
16 12 12 8 8 4 4 1 1 1 4 1 8 4 12 8
16 20 12 16 8 12 4 8 1 4 1 1 1 4 4 8
20 16 16 12 12 8 8 4 4 1 1 1 4 1 8 4
20 24 16 20 12 16 8 12 4 8 1 4 1 1 1 4
24 20 20 16 16 12 12 8 8 4 4 1 1 1 4 1
24 28 20 24 16 20 12 16 8 12 4 8 1 4 1 1
28 24 24 20 20 16 16 12 12 8 8 4 4 1 1 1
-3.8387078740073317 -1.6005252201827864 -0.8548157804817347 0.9906037240746541 1.7593015499016873 3.1103823740684104 4.238637815877191 5.389160768732255 6.517637747729587 7.551419712679673 9.099016810741766 9.722262931931642 11.49176831494706 11.822513117126448 13.445699121663782 14.253689409494795
-1.6005252201827567 -3.7551923733690877 0.9300248010645058 -1.0148729437949435 3.378171312479377 1.7605427914804808 5.273660200271307 4.278195107975971 7.448144021811213 6.531086138818422 9.494645002271543 9.028417858742156 11.951462589642386 11.501042398316073 14.053798008467433 13.839444830303076
-0.8548157804817471 0.9300248010644734 0.3931305991733449 2.070204427907437 2.5443102510085334 3.712307752365417 4.655628767453617 5.598163458016473 6.461335517691992 7.159384221654172 8.079294880690265 9.005999389981069 9.934543826604184 10.329932495204607 11.213287246501332 11.865312669461805
0.9906037240746612 -1.0148729437949244 2.070204427907425 0.43168062561902865 3.8808919261971475 2.504969941726488 5.615520815578968 4.468281838598561 7.326946899077708 6.2906677899732095 8.881779049498391 8.133944977913465 10.295330694080508 9.794139285401366 12.045282883420711 11.38267258902434
1.7593015499016706 3.3781713124794037 2.544310251008539 3.880891926197103 3.613622256376296 4.343392484197214 4.896531302624021 5.590102658023243 5.874319039960069 6.869996239650086 6.902803714236544 7.95350903858545 8.197805076787843 8.760447711642097 8.987085661635122 9.545754300992492
3.1103823740683514 1.7605427914805167 3.7123077523653825 2.50496994172652 4.343392484197224 3.3787571560584335 5.848638370355775 5.0708697557402616 6.7464416735178485 6.166635743513468 7.881033617070145 7.011289358428211 8.732742001544645 8.173434988964566 9.645616180829524 9.010990334436315
4.238637815877236 5.273660200271383 4.65562876745364 5.615520815579044 4.896531302623956 5.848638370355772 5.30778365515785 5.476139933055725 5.6890945718219434 6.056969091410481 5.876116010547241 6.717398384008684 6.34838804762422 7.220970297805513 6.4001453093626335 7.476421951341669
5.389160768732226 4.278195107976098 5.598163458016554 4.468281838598536 5.590102658023286 5.07086975574032 5.476139933055721 4.986872644868713 6.277709101767945 5.5827588963228845 6.550452317067334 5.800830201631716 7.384431483778949 6.391533485174433 7.637663640809474 6.614879232732918
6.517637747729583 7.448144021811177 6.4613355176919685 7.326946899077699 5.874319039960129 6.746441673517887 5.689094571821966 6.277709101767802 5.003728799445044 5.759770293249661 4.599817656635872 5.6008896443957985 4.465254666533151 5.5509778138691885 4.265396669496134 5.510580407294263
7.551419712679692 6.531086138818474 7.1593842216542525 6.290667789973229 6.8699962396500425 6.166635743513487 6.056969091410545 5.5827588963229005 5.759770293249568 5.168460841515439 5.760453275399554 4.728737742048013 5.370880976744649 4.443968087168626 5.468475723403387 4.1883797507453275
9.099016810741858 9.4946450022716 8.079294880690215 8.881779049498485 6.902803714236532 7.881033617070162 5.876116010547273 6.550452317067322 4.599817656635843 5.760453275399499 3.466205624493913 4.803235335428623 2.6606412569465063 3.907144532101993 1.7919351304679378 3.343470310699381
9.722262931931603 9.028417858742069 9.005999389981048 8.13394497791344 7.953509038585434 7.011289358428202 6.71739838400872 5.800830201631774 5.600889644395737 4.728737742048036 4.803235335428633 3.226465082789067 3.8497774397331335 2.7362851453314256 3.146499104363799 1.6325028889849749
11.491768314947105 11.95146258964246 9.934543826604235 10.295330694080466 8.19780507678791 8.732742001544608 6.348388047624235 7.384431483778961 4.465254666533121 5.370880976744594 2.6606412569465983 3.849777439733057 0.5025905702063573 1.9461721883308956 -0.9180520016728795 0.8843073924655382
11.822513117126402 11.50104239831606 10.329932495204673 9.794139285401295 8.760447711642037 8.173434988964566 7.220970297805518 6.391533485174552 5.550977813869175 4.4439680871686535 3.90714453210206 2.7362851453314248 1.946172188330875 0.5202762406163703 1.0188401080935678 -1.0196333708502827
13.445699121663804 14.05379800846739 11.213287246501318 12.04528288342074 8.987085661635128 9.645616180829457 6.400145309362729 7.637663640809521 4.265396669496042 5.468475723403477 1.7919351304678548 3.146499104363719 -0.9180520016729337 1.0188401080935072 -3.830302856445619 -1.273325406099127
14.253689409494818 13.83944483030297 11.865312669461755 11.382672589024413 9.54575430099248 9.010990334436272 7.4764219513417745 6.614879232732923 5.510580407294315 4.188379750745227 3.343470310699364 1.6325028889850706 0.8843073924655434 -1.0196333708502543 -1.273325406099127 -4.1574027667303355
