14
1 1 1 4 4 8 8 12 12 16 16 20 20 24
1 1 4 1 8 4 12 8 16 12 20 16 24 20
1 4 1 1 1 4 4 8 8 12 12 16 16 20
4 1 1 1 4 1 8 4 12 8 16 12 20 16
4 8 1 4 1 1 1 4 4 8 8 12 12 16
8 4 4 1 1 1 4 1 8 4 12 8 16 12
8 12 4 8 1 4 1 1 1 4 4 8 8 12
12 8 8 4 4 1 1 1 4 1 8 4 12 8
12 16 8 12 4 8 1 4 1 1 1 4 4 8
16 12 12 8 8 4 4 1 1 1 4 1 8 4
16 20 12 16 8 12 4 8 1 4 1 1 1 4
20 16 16 12 12 8 8 4 4 1 1 1 4 1
20 24 16 20 12 16 8 12 4 8 1 4 1 1
24 20 20 16 16 12 12 8 8 4 4 1 1 1
-2.7286423933485144 -0.8406203714787481 -0.2833681051419865 1.6585042978619495 2.277212689353555 3.8923630918327254 4.708880018025183 5.857857296219272 7.019039277349959 7.630095227744664 9.353963667065754 9.931524361920781 11.358655059847006 11.87218698234817
-0.8406203714787495 -2.7655000837538157 1.5610062453770244 -0.3380372447883708 3.7171334385107997 2.2873801233114754 5.762903369630099 4.654439932437013 7.922775450181414 7.048720967202074 9.861872853458726 9.367590134699775 11.882035835533335 11.585950449278927
-0.28336810514194255 1.5610062453770484 1.2673096819236038 2.3309575359582126 2.931327487249637 4.10617185486097 4.6954370565139385 5.706537926398205 6.2869546109324155 7.264523150802436 7.874597177630793 8.70064822316301 9.300158470653368 9.965389783278152
1.6585042978619455 -0.3380372447884108 2.3309575359581998 1.4275361292561786 4.153820976652211 2.8465301572717188 5.791024681975658 4.5913321784154 7.048535158295781 6.441272869754854 8.650125682965347 7.952703420309216 9.879849002981242 9.273496252690395
2.277212689353516 3.7171334385108 2.93132748724967 4.153820976652288 3.604103774132195 4.57249984250246 4.818873344302571 5.394169447521987 5.4816736690416406 6.428001164569809 6.2664701974119215 7.036333870545306 7.131532043731987 7.894499154073703
3.8923630918327583 2.2873801233115123 4.106171854861042 2.8465301572716806 4.572499842502509 3.726653977364638 5.50686557667801 4.5512207811180065 6.336782565751497 5.484598436512348 7.290856117549276 6.247717825279464 7.827280701258404 7.030730048308792
4.7088800180251145 5.762903369630117 4.695437056513995 5.791024681975712 4.818873344302531 5.5068655766779475 4.537431998050896 5.256979600012049 4.705576129837945 5.428510268156853 4.598809524799885 5.555511438930353 4.6085750814674595 5.732273011218908
5.857857296219262 4.654439932437022 5.706537926398202 4.591332178415401 5.394169447521936 4.5512207811180625 5.256979600012037 4.744586042230633 5.481254335485713 4.532594389400385 5.643615882589044 4.759835019311305 5.762230474681653 4.770997793779205
7.019039277349981 7.922775450181456 6.286954610932321 7.048535158295759 5.481673669041639 6.336782565751526 4.705576129838049 5.481254335485711 3.8400337059346787 4.374376695983768 2.9948687197816684 4.218393598914182 2.3204173736004594 3.676969808508643
7.630095227744681 7.048720967202078 7.264523150802429 6.441272869754885 6.428001164569864 5.484598436512372 5.428510268156861 4.532594389400419 4.3743766959838055 3.8291068073125754 4.16257566670389 2.9616518715182316 3.7891266398255783 2.3324969441122194
9.353963667065742 9.861872853458685 7.874597177630776 8.650125682965369 6.26647019741196 7.290856117549298 4.598809524799869 5.643615882589074 2.994868719781707 4.162575666703864 1.216711075533383 2.4103284379474323 -0.14751011895381527 1.5303662151164126
9.931524361920872 9.36759013469974 8.700648223163054 7.952703420309229 7.036333870545303 6.2477178252794285 5.55551143893036 4.759835019311262 4.21839359891416 2.961651871518246 2.4103284379474625 1.2450664587160818 1.5753879574676068 -0.25504151912295203
11.358655059846956 11.882035835533333 9.30015847065334 9.879849002981246 7.131532043731917 7.827280701258373 4.608575081467445 5.76223047468161 2.3204173736003675 3.7891266398256125 -0.14751011895377908 1.5753879574675316 -2.843878648408287 -0.7362087740861032
11.872186982348207 11.585950449278918 9.965389783278145 9.273496252690364 7.894499154073671 7.030730048308738 5.732273011218932 4.770997793779247 3.676969808508667 2.332496944112255 1.5303662151163575 -0.2550415191229898 -0.7362087740861036 -2.966455049904596
