10
1 1 1 4 4 8 8 12 12 16
1 1 4 1 8 4 12 8 16 12
1 4 1 1 1 4 4 8 8 12
4 1 1 1 4 1 8 4 12 8
4 8 1 4 1 1 1 4 4 8
8 4 4 1 1 1 4 1 8 4
8 12 4 8 1 4 1 1 1 4
12 8 8 4 4 1 1 1 4 1
12 16 8 12 4 8 1 4 1 1
16 12 12 8 8 4 4 1 1 1
-1.5537918312226389 0.3374161912868763 0.992700164476459 2.5500070055059285 3.2051192227002128 4.554129887354426 5.3192487455216355 6.13834339467086 7.537852252428435 8.081492947853887
0.3374161912868505 -1.374811437477828 2.502599581088852 0.9826248442167886 4.491901438504665 3.155954870778387 6.249929645135609 5.390117842609051 8.022610094086186 7.4041749103474945
0.9927001644764651 2.502599581088868 2.055966296424392 2.8740027922585556 3.1529851220064127 4.194105892217816 4.2817040856000474 5.382131858141506 5.4108445473192255 6.315477641042762
2.5500070055059303 0.9826248442167762 2.8740027922585636 2.000068599474546 4.2364054329401135 3.1294008112665015 5.486746086173338 4.267852091892589 6.243198388312411 5.392211928535336
3.205119222700254 4.491901438504658 3.152985122006416 4.236405432940108 3.0843006353187548 3.854606159266247 3.2252486865008945 4.287059662371434 3.2103860057189886 4.414505615248376
4.554129887354408 3.1559548707783946 4.19410589221783 3.129400811266497 3.8546061592662113 3.1223911328022647 4.301614313435616 3.2556090034892566 4.408824284090799 3.1858816258747717
5.319248745521624 6.249929645135625 4.281704085600028 5.4867460861733335 3.225248686500903 4.30161431343562 1.819402530250356 2.932856714115611 0.9628009128873163 2.5829662609556356
6.138343394670878 5.3901178426090475 5.3821318581415145 4.267852091892537 4.287059662371453 3.255609003489236 2.932856714115588 2.0005087851649757 2.532783857494907 0.9752547706259292
7.537852252428381 8.022610094086154 5.41084454731923 6.243198388312441 3.2103860057190143 4.4088242840908 0.9628009128873305 2.532783857494919 -1.4890758364897905 0.3222934747275994
8.081492947853903 7.404174910347494 6.31547764104277 5.392211928535354 4.41450561524834 3.1858816258747558 2.5829662609556645 0.9752547706259231 0.3222934747275983 -1.5117411946356951
