7
1 1 1 4 4 8 8
1 1 4 1 8 4 12
1 4 1 1 1 4 4
4 1 1 1 4 1 8
4 8 1 4 1 1 1
8 4 4 1 1 1 4
8 12 4 8 1 4 1
-0.13588435374153895 1.2498299319728248 1.9212585034013623 3.2105442176870755 3.7176870748299367 4.82125850340137 5.085544217687073
1.2498299319727808 -0.6644557823129308 3.14982993197279 1.5391156462585023 4.771258503401356 3.67482993197279 6.149829931972788
1.9212585034013658 3.149829931972787 2.42125850340136 3.0462585034013587 2.8962585034013535 3.5748299319727868 2.8605442176870732
3.2105442176870778 1.5391156462584987 3.0462585034013587 1.6998299319727863 3.61054421768707 2.206972789115636 4.556972789115637
3.7176870748299393 4.771258503401356 2.896258503401349 3.6105442176870817 2.192687074829931 2.189115646258504 0.4926870748299292
4.82125850340137 3.674829931972783 3.574829931972786 2.2069727891156408 2.189115646258503 0.5998299319727913 2.803401360544221
5.085544217687084 6.149829931972785 2.860544217687074 4.5569727891156395 0.49268707482992985 2.8034013605442065 -2.078741496598642
