13
1 1 1 4 4 8 8 12 12 16 16 20 20
1 1 4 1 8 4 12 8 16 12 20 16 24
1 4 1 1 1 4 4 8 8 12 12 16 16
4 1 1 1 4 1 8 4 12 8 16 12 20
4 8 1 4 1 1 1 4 4 8 8 12 12
8 4 4 1 1 1 4 1 8 4 12 8 16
8 12 4 8 1 4 1 1 1 4 4 8 8
12 8 8 4 4 1 1 1 4 1 8 4 12
12 16 8 12 4 8 1 4 1 1 1 4 4
16 12 12 8 8 4 4 1 1 1 4 1 8
16 20 12 16 8 12 4 8 1 4 1 1 1
20 16 16 12 12 8 8 4 4 1 1 1 4
20 24 16 20 12 16 8 12 4 8 1 4 1
-3.2347679918274537 -0.41297040891267456 0.2635684824080301 1.9652814929836229 2.7910880245351803 4.208142353111049 4.981971607626502 6.114923940686449 7.119885624666079 8.27591096624159 9.473915510440493 10.149856413907358 11.145797073031368
-0.4129704089123825 -3.378123080376805 1.9894363358142644 0.07716259941155394 4.095705340819914 2.766818623814892 5.873916976948133 5.059164694944759 7.932415153217889 7.272741800487283 10.078117429101779 9.706725122686017 11.78149250094061
0.26356848240799113 1.9894363358142568 0.6485288856124639 2.584615972917986 3.1812438244503713 4.356275647135759 5.172060313765519 5.8920463358465085 6.392957355085219 7.42221497490273 7.604025785815059 8.644215338716926 8.691413836426927
1.9652814929836206 0.07716259941162255 2.5846159729180145 0.14842579220037608 4.379937835062707 2.8935600504594037 5.996222027419954 4.892766650288341 7.463932008573677 6.409175478354822 8.508016478883382 7.871525156494023 9.65198154584761
2.791088024535174 4.095705340819906 3.1812438244503802 4.379937835062707 2.5566488210536704 4.3046734113676015 4.6694317397697676 5.671863349155407 5.602642526007362 6.416353022003912 5.921213042980501 6.859029581524305 6.392772570166947
4.208142353111084 2.7668186238148373 4.356275647135757 2.8935600504594086 4.304673411367569 2.3467835399698833 5.568664886707373 4.468338891123616 6.32323598878728 5.484282496751813 6.860098858819955 5.824812535634912 7.436915805214206
4.9819716076265 5.8739169769481485 5.17206031376552 5.996222027419976 4.6694317397697995 5.568664886707363 3.164767617717481 4.755034244835929 4.338468745326055 5.08947753623805 4.440447462183405 5.096715639214143 3.6954242911453483
6.114923940686448 5.0591646949447915 5.892046335846448 4.8927666502884195 5.671863349155422 4.468338891123625 4.755034244835926 2.807055482714113 5.116828645904757 3.8194581104108254 5.206192176439156 3.892121034351115 5.146809532196703
7.1198856246660025 7.932415153217937 6.392957355085269 7.463932008573721 5.602642526007352 6.323235988787299 4.338468745326017 5.116828645904706 2.0742374906679144 3.601655522855895 2.2202174134369543 3.276450322859139 1.3796762915094678
8.275910966241492 7.272741800487357 7.422214974902731 6.409175478354859 6.416353022003939 5.484282496751758 5.08947753623804 3.8194581104108174 3.601655522855889 1.140412615539286 3.327705407436442 1.4551291381178046 3.128086019557306
9.473915510440518 10.078117429101745 7.604025785815035 8.508016478883395 5.921213042980505 6.860098858819963 4.4404474621833945 5.2061921764391865 2.2202174134369614 3.3277054074364747 -0.32203819537911743 0.9265934603294209 -1.4019017415898152
10.149856413907345 9.706725122686038 8.644215338716872 7.8715251564940685 6.859029581524272 5.824812535634891 5.096715639214172 3.8921210343511157 3.276450322859134 1.4551291381178335 0.9265934603294245 -1.8639708333392033 1.003400178401747
11.145797073031325 11.781492500940624 8.6914138364269 9.651981545847676 6.3927725701669385 7.436915805214183 3.69542429114532 5.146809532196685 1.379676291509494 3.1280860195572573 -1.401901741589812 1.0034001784017075 -5.2092648139506945
