13
1 1 1 4 4 8 8 12 12 16 16 20 20
1 1 4 1 8 4 12 8 16 12 20 16 24
1 4 1 1 1 4 4 8 8 12 12 16 16
4 1 1 1 4 1 8 4 12 8 16 12 20
4 8 1 4 1 1 1 4 4 8 8 12 12
8 4 4 1 1 1 4 1 8 4 12 8 16
8 12 4 8 1 4 1 1 1 4 4 8 8
12 8 8 4 4 1 1 1 4 1 8 4 12
12 16 8 12 4 8 1 4 1 1 1 4 4
16 12 12 8 8 4 4 1 1 1 4 1 8
16 20 12 16 8 12 4 8 1 4 1 1 1
20 16 16 12 12 8 8 4 4 1 1 1 4
20 24 16 20 12 16 8 12 4 8 1 4 1
-2.34545798561201 -0.3928224320403788 0.20049250202544805 1.9189631122219912 2.5779937654866383 4.104419415420236 4.883144906726423 6.104359033060391 7.052608812297597 8.224995028970849 9.347686325899952 10.097674356760061 11.108138411860597
-0.39282243204036466 -2.5293624457471995 1.9284967278941092 -0.07599225704253618 4.008941595885717 2.6457887449800355 5.797571569201125 4.99111752578821 7.885426383199655 7.190637568270536 10.060708842295863 9.636349957148749 11.735333473244056
0.20049250202552119 1.9284967278941096 1.82654997709721 2.615727714529482 3.0732386414007618 4.1744244583406465 4.928660298392509 5.827424232003931 6.209705628788344 7.331459980436037 7.560242034863096 8.574104719388272 8.631668337918159
1.9189631122220503 -0.07599225704250942 2.6157277145294526 1.2470049904742637 4.242295019178356 2.8661032793024157 5.874635889693948 4.641906633315885 7.3048306658612745 6.32908312291233 8.450203296270605 7.816327517468078 9.651106268891784
2.577993765486586 4.008941595885693 3.0732386414007538 4.242295019178388 3.873824948528402 4.39288969421758 4.612096252616714 5.530571037418176 5.407986658319247 6.2600518564722 5.770913323639513 6.816945369743854 6.314447090170771
4.104419415420237 2.6457887449800332 4.174424458340659 2.866103279302425 4.3928896942175415 3.5340179402434275 5.405601983972279 4.353031245509029 6.137718492095485 5.384800307587831 6.746776564815408 5.764988696588442 7.37163443000526
4.883144906726441 5.797571569201106 4.9286602983925105 5.8746358896939554 4.6120962526167215 5.405601983972284 4.5649884965336485 4.856464553132627 4.23101174632722 4.8998606929352455 4.2355643555865585 5.03303565424312 3.5595588537165295
6.104359033060348 4.991117525788228 5.827424232003931 4.64190663331587 5.530571037418147 4.353031245508974 4.856464553132653 4.0774914840402685 4.948450323706744 3.7522082315639933 4.998521762744744 3.6712010606507985 5.129448130143258
7.052608812297633 7.88542638319968 6.2097056287883055 7.304830665861306 5.407986658319209 6.137718492095462 4.231011746327168 4.948450323706744 3.383436063946188 3.637417009592575 2.2199494559159425 3.2448148428905674 1.2188391701371288
8.224995028970866 7.190637568270472 7.331459980436013 6.329083122912262 6.260051856472246 5.3848003075878115 4.899860692935224 3.752208231564075 3.637417009592567 2.262644392550266 3.1479821548112747 1.3609193512589133 3.100135555715939
9.347686325899938 10.060708842295856 7.560242034863105 8.450203296270654 5.770913323639513 6.746776564815361 4.235564355586561 4.99852176274475 2.2199494559159243 3.1479821548112854 0.88754343251719 0.8876748856316514 -1.4315711819139525
10.0976743567601 9.636349957148752 8.574104719388263 7.816327517468097 6.816945369743856 5.76498869658843 5.0330356542431876 3.6712010606507146 3.2448148428905843 1.3609193512589206 0.8876748856316609 -0.9498346606796391 0.9279935019849828
11.108138411860573 11.735333473244038 8.631668337918175 9.651106268891823 6.314447090170757 7.371634430005247 3.5595588537164744 5.129448130143254 1.218839170137176 3.1001355557159345 -1.4315711819138865 0.9279935019849721 -4.434536788796607
