10
1 1 1 4 4 8 8 12 12 16
1 1 4 1 8 4 12 8 16 12
1 4 1 1 1 4 4 8 8 12
4 1 1 1 4 1 8 4 12 8
4 8 1 4 1 1 1 4 4 8
8 4 4 1 1 1 4 1 8 4
8 12 4 8 1 4 1 1 1 4
12 8 8 4 4 1 1 1 4 1
12 16 8 12 4 8 1 4 1 1
16 12 12 8 8 4 4 1 1 1
-1.8836718422931824 0.2803144886486546 1.1166721245742275 2.783648123506932 3.500140433345913 4.713537263088202 5.339247368158967 6.179220357053113 7.409041627514471 7.950968701623557
0.28031448864862085 -1.87832097743933 2.798860572106184 1.127707093335046 4.617506613683334 3.503320917314676 6.199788179233115 5.51087811178914 7.918634197570691 7.310429448979402
1.1166721245741886 2.7988605721062094 0.9287966128594096 2.7875791062994217 3.1084255990360816 4.581161176699415 4.684302147619309 5.6481202087996145 5.451228064929012 6.283973032298213
2.78364812350691 1.1277070933350366 2.787579106299418 1.0219028606324052 4.574537032455803 3.1358022732087316 5.660991071149403 4.67538848670822 6.2102520594895685 5.411310538435377
3.5001404333459125 4.617506613683338 3.108425599036077 4.574537032455788 1.9595041472653545 3.683156311252638 3.179055769265608 4.596602323595279 3.5297372514212157 4.640453163899659
4.713537263088231 3.503320917314662 4.581161176699394 3.135802273208727 3.683156311252633 1.9352168183667207 4.591125964241472 3.135307254775705 4.615436744472414 3.4950539218009355
5.339247368158986 6.199788179233066 4.684302147619333 5.6609910711494 3.1790557692656156 4.591125964241473 0.9872277779186724 2.7967265012608333 1.1023711963477911 2.848282670025711
6.17922035705314 5.510878111789154 5.648120208799624 4.675388486708222 4.596602323595257 3.135307254775703 2.7967265012608173 0.9626730597401991 2.7922296452070396 1.091972696291732
7.409041627514476 7.918634197570657 5.451228064929042 6.2102520594895685 3.529737251421226 4.615436744472399 1.102371196347772 2.7922296452070268 -1.8915988482420403 0.25178670651075485
7.950968701623578 7.310429448979402 6.283973032298185 5.411310538435373 4.640453163899663 3.4950539218009453 2.8482826700257062 1.0919726962917156 0.25178670651073176 -1.8951122346444436
