81 144
0 1
1 2
2 3
3 4
4 5
5 6
6 7
7 8
0 9
1 10
9 10
2 11
10 11
3 12
11 12
4 13
12 13
5 14
13 14
6 15
14 15
7 16
15 16
8 17
16 17
9 18
10 19
18 19
11 20
19 20
12 21
20 21
13 22
21 22
14 23
22 23
15 24
23 24
16 25
24 25
17 26
25 26
18 27
19 28
27 28
20 29
28 29
21 30
29 30
22 31
30 31
23 32
31 32
24 33
32 33
25 34
33 34
26 35
34 35
27 36
28 37
36 37
29 38
37 38
30 39
38 39
31 40
39 40
32 41
40 41
33 42
41 42
34 43
42 43
35 44
43 44
36 45
37 46
45 46
38 47
46 47
39 48
47 48
40 49
48 49
41 50
49 50
42 51
50 51
43 52
51 52
44 53
52 53
45 54
46 55
54 55
47 56
55 56
48 57
56 57
49 58
57 58
50 59
58 59
51 60
59 60
52 61
60 61
53 62
61 62
54 63
55 64
63 64
56 65
64 65
57 66
65 66
58 67
66 67
59 68
67 68
60 69
68 69
61 70
69 70
62 71
70 71
63 72
64 73
72 73
65 74
73 74
66 75
74 75
67 76
75 76
68 77
76 77
69 78
77 78
70 79
78 79
71 80
79 80
