5
1 1 1 4 4
1 1 4 1 8
1 4 1 1 1
4 1 1 1 4
4 8 1 4 1
0.6300000000000264 1.6299999999999861 2.229999999999994 3.2299999999999955 3.229999999999994
1.6299999999999888 -0.3699999999999948 3.229999999999999 1.6299999999999986 4.829999999999999
2.229999999999994 3.230000000000002 2.2299999999999986 2.229999999999997 1.0299999999999967
3.2299999999999884 1.6300000000000026 2.229999999999998 0.6299999999999979 3.2299999999999978
3.2299999999999907 4.8300000000000045 1.0300000000000002 3.2300000000000013 -1.370000000000002
